Gmach Główny
22 23 24
w1 52.22043653211507 21.01079503932171
w2 52.22086918594297 21.01020587923957
w3 52.22044831804691 21.009856576172243
#
Gmach Elektrotechniki
007d 007b 005 004 003 009 008 014 015 016a 019 018a 018 017 103 102 101 116 115b 115 114 113 129 128 127 125c 126 125b 123 122 121 120 119 112 111 110 109 108 107 106 105 209 208 207 206 205 203 202 201 229 228 227 226 225 224 223 222 221 220 219 218 216 210 200 204 310 311 312 314 316 317 319 320 321a 322 330 329 328 327 326 407 406a 406 405 404 403 402 401 413 412 408 520 519a 519b 518 517 516 515 514 513 512 511 510 508
w1 52.22147311513591 21.006391249430393
#
Gmach Matematyki i Nauk Informacyjnych
3 9 8 10 11 19 18 17 14 15 16 27 28 29 25 24 37 32 33 40 105 105a 103 102 101 107 113 216 214 213 212 211 210 217 218 219 201 202 203 222 227 316 314 313 312 311 310 317 318 319 320 301 302 303 304 323 328 329 425 424 423 422 421 420 431 432 433 439 440 441 436 437 438 462 461 460 459 448 449 450 451 452 458 457 456 455 454 453 526 525 524 523 522 535 536 537 544 543 542 540 541 550 565 564 563 562 551 552 553 554 555 561 560 559 558 557 556
w1 52.22201700986653 21.00697683069006
#